1 0 3338
2 3338 3689
3 7027 6355
4 13382 1486
5 14868 2683
6 17551 2092
7 19643 3107
8 22750 1601
9 24351 8513
10 32864 3503
11 36367 3390
12 39757 1365
13 41122 7915
14 49037 8199
15 57236 8636
16 65872 5685
17 71557 7418
18 78975 7081
19 86056 5490
20 91546 1794
21 93340 6423
22 99763 9035
23 108798 3863
24 112661 4592
25 117253 2726
26 119979 2396
27 122375 3860
28 126235 4808
29 131043 4261
30 135304 3246
31 138550 7051
32 145601 8574
33 154175 8487
34 162662 2795
35 165457 644
36 166101 4188
37 170289 8134
38 178423 8335
39 186758 5406
40 192164 2411
41 194575 7596
42 202171 6640
43 208811 3460
44 212271 2897
45 215168 1057
46 216225 3051
47 219276 10598
48 229874 7561
49 237435 7614
50 245049 1038
51 246087 2966
52 249053 1791
53 250844 8025
54 258869 6939
55 265808 4059
56 269867 1029
57 270896 9577
58 280473 9628
59 290101 2703
60 292804 3791
61 296595 5688
62 302283 14780
63 317063 3042
64 320105 4453
65 324558 7889
66 332447 6496
67 338943 2504
68 341447 3863
69 345310 3798
70 349108 1856
71 350964 3383
72 354347 5075
73 359422 2237
74 361659 1103
75 362762 1360
76 364122 3992
77 368114 987
78 369101 3483
79 372584 3297
80 375881 3672
81 379553 3273
82 382826 2461
83 385287 983
84 386270 1258
85 387528 8063
86 395591 7009
87 402600 4480
88 407080 7294
89 414374 992
90 415366 3326
91 418692 9067
92 427759 2144
93 429903 6292
94 436195 6283
95 442478 1139
96 443617 827
97 444444 6797
98 451241 3578
99 454819 2677
100 457496 1021
101 458517 3139
102 461656 5172
103 466828 5563
104 472391 4697
105 477088 5534
106 482622 1876
107 484498 3880
108 488378 6078
109 494456 2461
110 496917 4433
111 501350 970
112 502320 787
113 503107 4171
114 507278 2668
115 509946 2957
116 512903 1251
117 514154 1944
118 516098 2317
119 518415 2735
120 521150 2303
121 523453 1290
122 524743 4698
123 529441 4579
124 534020 3576
125 537596 3129
126 540725 4103
127 544828 4502
128 549330 2772
129 552102 3820
130 555922 2307
131 558229 1738
132 559967 2296
133 562263 20497
134 582760 3309
135 586069 4081
136 590150 1916
137 592066 8731
138 600797 2675
139 603472 5314
140 608786 5346
141 614132 3686
142 617818 4167
143 621985 5929
144 627914 3026
145 630940 5459
146 636399 1735
147 638134 2618
148 640752 5029
149 645781 4786
150 650567 3309
151 653876 5417
152 659293 5488
153 664781 4275
154 669056 2535
155 671591 4409
156 676000 7397
157 683397 182
158 683579 4728
159 688307 167
160 688474 899
161 689373 790
162 690163 2231
163 692394 1776
164 694170 934
165 695104 1836
166 696940 12134
167 709074 4432
168 713506 1878
169 715384 6885
170 722269 9978
171 732247 1113
172 733360 9942
173 743302 3377
174 746679 1399
175 748078 3513
176 751591 5363
177 756954 4663
178 761617 5538
179 767155 3453
180 770608 1732
181 772340 778
182 773118 2576
183 775694 3937
184 779631 3525
185 783156 5166
186 788322 5253
187 793575 1311
188 794886 9370
189 804256 3285
190 807541 591
191 808132 1544
192 809676 3316
193 812992 1878
194 814870 3273
195 818143 5109
196 823252 2128
197 825380 5828
198 831208 2298
199 833506 4213
200 837719 4914
201 842633 6361
202 848994 3589
203 852583 6866
204 859449 10188
205 869637 2184
206 871821 3681
207 875502 2342
208 877844 3714
209 881558 2953
210 884511 3780
211 888291 1628
212 889919 10145
213 900064 2150
214 902214 4993
215 907207 2426
216 909633 1520
217 911153 7964
218 919117 6801
219 925918 4459
220 930377 9624
221 940001 6419
222 946420 5744
223 952164 2884
224 955048 5689
225 960737 10457
226 971194 4322
227 975516 6172
228 981688 4646
229 986334 2283
230 988617 3438
231 992055 8913
232 1000968 1814
233 1002782 5749
234 1008531 4056
235 1012587 4061
236 1016648 2619
237 1019267 375
238 1019642 1864
239 1021506 7411
240 1028917 4457
241 1033374 2437
242 1035811 1751
243 1037562 3095
244 1040657 3534
245 1044191 2800
246 1046991 5247
247 1052238 1184
248 1053422 1170
249 1054592 3122
250 1057714 7629
251 1065343 7662
252 1073005 1197
253 1074202 6044
254 1080246 1700
255 1081946 2337
256 1084283 4846
257 1089129 1731
258 1090860 3365
259 1094225 1935
260 1096160 1179
261 1097339 2649
262 1099988 678
263 1100666 2808
264 1103474 5218
265 1108692 194
266 1108886 1664
267 1110550 2842
268 1113392 4170
269 1117562 1259
270 1118821 1119
271 1119940 1626
272 1121566 1190
273 1122756 1670
274 1124426 832
275 1125258 873
276 1126131 3835
277 1129966 838
278 1130804 3122
279 1133926 7853
280 1141779 2555
281 1144334 1514
282 1145848 3169
283 1149017 1166
284 1150183 2707
285 1152890 2359
286 1155249 1354
287 1156603 1037
288 1157640 3680
289 1161320 3080
290 1164400 1472
291 1165872 8361
292 1174233 1471
293 1175704 2064
294 1177768 964
295 1178732 1674
296 1180406 1633
297 1182039 922
298 1182961 2435
299 1185396 9654
300 1195050 3967
301 1199017 1035
302 1200052 1091
303 1201143 6695
304 1207838 2166
305 1210004 1937
306 1211941 6695
307 1218636 6212
308 1224848 3633
309 1228481 636
310 1229117 1842
311 1230959 3086
312 1234045 1263
313 1235308 2306
314 1237614 1118
315 1238732 3485
316 1242217 4117
317 1246334 4333
318 1250667 6293
319 1256960 3760
320 1260720 717
321 1261437 4282
322 1265719 4086
323 1269805 542
324 1270347 1004
325 1271351 1589
326 1272940 3660
327 1276600 3594
328 1280194 4809
329 1285003 2703
330 1287706 2084
331 1289790 3136
332 1292926 807
333 1293733 7187
334 1300920 952
335 1301872 3153
336 1305025 2390
337 1307415 2679
338 1310094 3411
339 1313505 2555
340 1316060 4076
341 1320136 2047
342 1322183 1867
343 1324050 4441
344 1328491 1428
345 1329919 4430
346 1334349 3887
347 1338236 5686
348 1343922 6670
349 1350592 4536
350 1355128 1806
351 1356934 1275
352 1358209 2854
353 1361063 6449
354 1367512 2544
355 1370056 3453
356 1373509 2718
357 1376227 2282
358 1378509 10505
359 1389014 769
360 1389783 9121
361 1398904 6819
362 1405723 2210
363 1407933 2526
364 1410459 2396
365 1412855 2375
366 1415230 1352
367 1416582 1141
368 1417723 2951
369 1420674 10177
370 1430851 1282
371 1432133 3974
372 1436107 1130
373 1437237 462
374 1437699 10801
375 1448500 1841
376 1450341 3369
377 1453710 3348
378 1457058 3588
379 1460646 9698
380 1470344 2190
381 1472534 1117
382 1473651 786
383 1474437 1060
384 1475497 1838
385 1477335 8527
386 1485862 3461
387 1489323 6351
388 1495674 4820
389 1500494 5616
390 1506110 1712
391 1507822 5366
392 1513188 1697
393 1514885 1716
394 1516601 6808
395 1523409 2790
396 1526199 1502
397 1527701 2072
398 1529773 2586
399 1532359 2583
400 1534942 3786
401 1538728 3761
402 1542489 2429
403 1544918 2054
404 1546972 2524
405 1549496 3450
406 1552946 2476
407 1555422 2531
408 1557953 20280
409 1578233 8411
410 1586644 4384
411 1591028 4488
412 1595516 4157
413 1599673 1547
414 1601220 4499
415 1605719 1377
416 1607096 1195
417 1608291 1493
418 1609784 7441
419 1617225 2193
420 1619418 18040
421 1637458 8893
422 1646351 5690
423 1652041 4038
424 1656079 3575
425 1659654 2067
426 1661721 16387
427 1678108 4474
428 1682582 1167
429 1683749 1941
430 1685690 1367
431 1687057 8190
432 1695247 5186
433 1700433 6858
434 1707291 1943
435 1709234 8219
436 1717453 7576
437 1725029 8520
438 1733549 4992
439 1738541 6759
440 1745300 15106
441 1760406 7556
442 1767962 5096
443 1773058 1384
444 1774442 1585
445 1776027 2167
446 1778194 1361
447 1779555 832
448 1780387 6386
449 1786773 2147
450 1788920 8312
451 1797232 4238
452 1801470 1891
453 1803361 5252
454 1808613 5484
455 1814097 9131
456 1823228 4707
457 1827935 9540
458 1837475 3787
459 1841262 1088
460 1842350 1440
461 1843790 1373
462 1845163 9094
463 1854257 311
464 1854568 1743
465 1856311 783
466 1857094 1470
467 1858564 12568
468 1871132 8048
469 1879180 4093
470 1883273 5015
471 1888288 4478
472 1892766 8955
473 1901721 2232
474 1903953 5379
475 1909332 2940
476 1912272 3125
477 1915397 1696
478 1917093 8106
479 1925199 3704
480 1928903 14186
481 1943089 3297
482 1946386 3891
483 1950277 4327
484 1954604 11607
485 1966211 944
486 1967155 8018
487 1975173 6280
488 1981453 796
489 1982249 5696
490 1987945 15714
491 2003659 930
492 2004589 6079
493 2010668 691
494 2011359 5275
495 2016634 8076
496 2024710 1455
497 2026165 4377
498 2030542 715
499 2031257 8927
500 2040184 1374
501 2041558 2141
502 2043699 1003
503 2044702 5440
504 2050142 1972
505 2052114 1502
506 2053616 1857
507 2055473 1171
508 2056644 1178
509 2057822 6959
510 2064781 3757
511 2068538 1023
512 2069561 2473
513 2072034 2232
514 2074266 3223
515 2077489 2588
516 2080077 30043
517 2110120 1097
518 2111217 1747
519 2112964 5110
520 2118074 1251
521 2119325 1651
522 2120976 1732
523 2122708 2411
524 2125119 1679
525 2126798 1583
526 2128381 2640
527 2131021 3223
528 2134244 4665
529 2138909 1785
530 2140694 956
531 2141650 1495
532 2143145 2055
533 2145200 1529
534 2146729 1801
535 2148530 1289
536 2149819 1908
537 2151727 1624
538 2153351 861
539 2154212 2719
540 2156931 1876
541 2158807 6156
542 2164963 2730
543 2167693 1405
544 2169098 1207
545 2170305 2689
546 2172994 1458
547 2174452 2318
548 2176770 1469
549 2178239 1341
550 2179580 2193
551 2181773 1522
552 2183295 1717
553 2185012 5221
554 2190233 2589
555 2192822 5611
556 2198433 1677
557 2200110 1299
558 2201409 2972
559 2204381 1604
560 2205985 2792
561 2208777 1296
562 2210073 863
563 2210936 1610
564 2212546 3998
565 2216544 3239
566 2219783 2988
567 2222771 3360
568 2226131 2715
569 2228846 1410
570 2230256 1373
571 2231629 887
572 2232516 2168
573 2234684 1630
574 2236314 1093
575 2237407 3327
576 2240734 3204
577 2243938 3781
578 2247719 1757
579 2249476 4875
580 2254351 3867
581 2258218 1770
582 2259988 1788
583 2261776 972
584 2262748 1273
585 2264021 988
586 2265009 1165
587 2266174 5089
588 2271263 2284
589 2273547 1858
590 2275405 1132
591 2276537 1295
592 2277832 1241
593 2279073 4186
594 2283259 1509
595 2284768 2692
596 2287460 2144
597 2289604 1102
598 2290706 1837
599 2292543 5002
600 2297545 2341
601 2299886 420
602 2300306 430
603 2300736 446
604 2301182 490
605 2301672 460
606 2302132 468
607 2302600 492
608 2303092 528
609 2303620 476
610 2304096 506
611 2304602 482
612 2305084 474
613 2305558 490
614 2306048 458
615 2306506 526
616 2307032 5317
617 2312349 1311
618 2313660 14603
619 2328263 1103
620 2329366 1324
621 2330690 5242
622 2335932 2509
623 2338441 3096
624 2341537 6881
625 2348418 6213
626 2354631 9211
627 2363842 11704
628 2375546 2080
629 2377626 6509
630 2384135 5824
631 2389959 10037
632 2399996 7715
633 2407711 196
634 2407907 232
635 2408139 257
636 2408396 184
637 2408580 218
638 2408798 196
639 2408994 241
640 2409235 5985
641 2415220 1230
642 2416450 4942
643 2421392 9989
644 2431381 5511
645 2436892 3044
646 2439936 1997
647 2441933 1961
648 2443894 2324
649 2446218 1827
650 2448045 1421
651 2449466 1501
652 2450967 1566
653 2452533 1640
654 2454173 3462
655 2457635 2552
656 2460187 15280
657 2475467 3308
658 2478775 7975
659 2486750 3681
660 2490431 3431
661 2493862 6157
662 2500019 2557
663 2502576 3691
664 2506267 2762
665 2509029 9368
666 2518397 1385
667 2519782 182
668 2519964 1933
669 2521897 4978
670 2526875 1403
671 2528278 1699
672 2529977 1837
673 2531814 2877
674 2534691 8170
675 2542861 7521
676 2550382 3492
677 2553874 9752
678 2563626 1646
679 2565272 953
680 2566225 1656
681 2567881 4134
682 2572015 3763
683 2575778 1026
684 2576804 15094
685 2591898 4134
686 2596032 6511
687 2602543 3488
688 2606031 3499
689 2609530 1217
690 2610747 4794
691 2615541 763
692 2616304 500
693 2616804 7792
694 2624596 2860
695 2627456 3630
696 2631086 2736
697 2633822 1214
698 2635036 994
699 2636030 2146
700 2638176 241
701 2638417 196
702 2638613 251
703 2638864 11864
704 2650728 5358
705 2656086 5901
706 2661987 1767
707 2663754 1051
708 2664805 22672
709 2687477 1508
710 2688985 6622
711 2695607 6415
712 2702022 9579
713 2711601 1631
714 2713232 3777
715 2717009 2101
716 2719110 3234
717 2722344 3737
718 2726081 4250
719 2730331 3607
720 2733938 14607
721 2748545 3054
722 2751599 4822
723 2756421 4105
724 2760526 2623
725 2763149 2726
726 2765875 3572
727 2769447 3470
728 2772917 19797
729 2792714 4000
730 2796714 1254
731 2797968 4174
732 2802142 3676
733 2805818 5349
734 2811167 4321
735 2815488 3795
736 2819283 4373
737 2823656 3070
738 2826726 1690
739 2828416 4305
740 2832721 3737
741 2836458 3179
742 2839637 3998
743 2843635 4160
744 2847795 3544
745 2851339 3644
746 2854983 3806
747 2858789 4005
748 2862794 3472
749 2866266 4311
750 2870577 10512
751 2881089 3764
752 2884853 4720
753 2889573 3504
754 2893077 4022
755 2897099 4777
756 2901876 4186
757 2906062 3952
758 2910014 3479
759 2913493 2846
760 2916339 3091
761 2919430 3133
762 2922563 4062
763 2926625 3268
764 2929893 19357
765 2949250 4355
766 2953605 3408
767 2957013 1554
768 2958567 3454
769 2962021 3516
770 2965537 19542
771 2985079 4674
772 2989753 1511
773 2991264 3414
774 2994678 4849
775 2999527 4147
776 3003674 3343
777 3007017 1227
778 3008244 3454
779 3011698 5446
780 3017144 3776
781 3020920 5066
782 3025986 3172
783 3029158 3290
784 3032448 3639
785 3036087 3731
786 3039818 3481
787 3043299 2737
788 3046036 3239
789 3049275 3647
790 3052922 3196
791 3056118 3551
792 3059669 18940
793 3078609 4517
794 3083126 3782
795 3086908 3622
796 3090530 1595
797 3092125 4330
798 3096455 1239
799 3097694 933
800 3098627 2961
801 3101588 4072
802 3105660 3550
803 3109210 2849
804 3112059 3529
805 3115588 2613
806 3118201 1110
807 3119311 4223
808 3123534 19815
809 3143349 3828
810 3147177 4823
811 3152000 3330
812 3155330 4816
813 3160146 3316
814 3163462 3276
815 3166738 3648
816 3170386 3757
817 3174143 1652
818 3175795 2702
819 3178497 2683
820 3181180 515
821 3181695 4151
822 3185846 6073
823 3191919 1739
824 3193658 3594
825 3197252 2456
826 3199708 6024
827 3205732 5781
828 3211513 7767
829 3219280 4940
830 3224220 908
831 3225128 1274
832 3226402 2034
833 3228436 4066
834 3232502 3495
835 3235997 607
836 3236604 4060
837 3240664 2911
838 3243575 2854
839 3246429 3506
840 3249935 5613
841 3255548 4648
842 3260196 5095
843 3265291 2708
844 3267999 9169
845 3277168 9407
846 3286575 5549
847 3292124 2024
848 3294148 7356
849 3301504 1995
850 3303499 3489
851 3306988 3735
852 3310723 2609
853 3313332 8367
854 3321699 1309
855 3323008 1885
856 3324893 3089
857 3327982 4561
858 3332543 2026
859 3334569 1202
860 3335771 1222
861 3336993 5290
862 3342283 2784
863 3345067 4017
864 3349084 1139
865 3350223 2025
866 3352248 2147
867 3354395 1340
868 3355735 2895
869 3358630 1587
870 3360217 7322
871 3367539 5299
872 3372838 740
873 3373578 535
874 3374113 864
875 3374977 675
876 3375652 536
877 3376188 574
878 3376762 1344
879 3378106 3527
880 3381633 3742
881 3385375 515
882 3385890 2088
883 3387978 1341
884 3389319 3399
885 3392718 6253
886 3398971 3271
887 3402242 5327
888 3407569 3013
889 3410582 3814
890 3414396 3293
891 3417689 3042
892 3420731 2104
893 3422835 1938
894 3424773 3201
895 3427974 3780
896 3431754 214
897 3431968 1945
898 3433913 2175
899 3436088 3812
900 3439900 3803
901 3443703 3625
902 3447328 11155
903 3458483 10078
904 3468561 2054
905 3470615 3827
906 3474442 3451
907 3477893 4221
908 3482114 1520
909 3483634 1461
910 3485095 2356
911 3487451 1953
912 3489404 3105
913 3492509 2764
914 3495273 1922
915 3497195 2391
916 3499586 9659
917 3509245 2026
918 3511271 1860
919 3513131 2652
920 3515783 3194
921 3518977 9545
922 3528522 3469
923 3531991 8385
924 3540376 2144
925 3542520 1733
926 3544253 1072
927 3545325 1485
928 3546810 1062
929 3547872 1375
930 3549247 5367
931 3554614 4999
932 3559613 2158
933 3561771 1745
934 3563516 4023
935 3567539 2326
936 3569865 2263
937 3572128 7677
938 3579805 1322
939 3581127 1481
940 3582608 4286
941 3586894 1270
942 3588164 1238
943 3589402 1415
944 3590817 1692
945 3592509 5190
946 3597699 2529
947 3600228 1379
948 3601607 3188
949 3604795 10937
950 3615732 3835
951 3619567 9582
952 3629149 3791
953 3632940 1572
954 3634512 2119
955 3636631 7038
956 3643669 1870
957 3645539 7368
958 3652907 3392
959 3656299 1925
960 3658224 12893
961 3671117 5257
962 3676374 4682
963 3681056 1381
964 3682437 2479
965 3684916 2326
966 3687242 2158
967 3689400 3611
968 3693011 1385
969 3694396 11050
970 3705446 1174
971 3706620 676
972 3707296 4764
973 3712060 2045
974 3714105 1299
975 3715404 906
976 3716310 7417
977 3723727 3120
978 3726847 1899
979 3728746 2882
980 3731628 975
981 3732603 1325
982 3733928 1360
983 3735288 532
984 3735820 3976
985 3739796 4625
986 3744421 4962
987 3749383 3249
988 3752632 2215
989 3754847 864
990 3755711 790
991 3756501 1249
992 3757750 5689
993 3763439 1595
994 3765034 772
995 3765806 1689
996 3767495 12983
997 3780478 558
998 3781036 1846
999 3782882 2476
1000 3785358 2328
1001 3787686 2693
1002 3790379 1655
1003 3792034 627
1004 3792661 2166
1005 3794827 2202
1006 3797029 2206
1007 3799235 2329
1008 3801564 2141
1009 3803705 487
1010 3804192 2434
1011 3806626 1239
1012 3807865 3107
1013 3810972 1565
1014 3812537 712
1015 3813249 1050
1016 3814299 667
1017 3814966 658
1018 3815624 681
1019 3816305 662
1020 3816967 701
1021 3817668 679
1022 3818347 690
1023 3819037 636
1024 3819673 631
1025 3820304 654
1026 3820958 639
1027 3821597 717
1028 3822314 685
1029 3822999 663
1030 3823662 631
1031 3824293 674
1032 3824967 627
1033 3825594 659
1034 3826253 644
1035 3826897 632
1036 3827529 652
1037 3828181 645
1038 3828826 655
1039 3829481 649
1040 3830130 667
1041 3830797 701
1042 3831498 651
1043 3832149 684
1044 3832833 664
1045 3833497 660
1046 3834157 679
1047 3834836 661
1048 3835497 667
1049 3836164 699
1050 3836863 654
1051 3837517 687
1052 3838204 696
1053 3838900 673
1054 3839573 697
1055 3840270 658
1056 3840928 674
1057 3841602 706
1058 3842308 686
1059 3842994 662
1060 3843656 637
1061 3844293 670
1062 3844963 650
1063 3845613 660
1064 3846273 637
1065 3846910 664
1066 3847574 652
1067 3848226 650
1068 3848876 652
1069 3849528 646
1070 3850174 658
1071 3850832 700
1072 3851532 656
1073 3852188 686
1074 3852874 666
1075 3853540 631
1076 3854171 669
1077 3854840 662
1078 3855502 682
1079 3856184 664
1080 3856848 701
1081 3857549 636
1082 3858185 655
1083 3858840 687
1084 3859527 662
1085 3860189 669
1086 3860858 661
1087 3861519 664
1088 3862183 682
1089 3862865 701
1090 3863566 655
1091 3864221 685
1092 3864906 650
1093 3865556 713
1094 3866269 667
1095 3866936 642
1096 3867578 671
1097 3868249 654
1098 3868903 665
1099 3869568 653
1100 3870221 640
1101 3870861 653
1102 3871514 648
1103 3872162 665
1104 3872827 649
1105 3873476 703
1106 3874179 676
1107 3874855 657
1108 3875512 686
1109 3876198 654
1110 3876852 657
1111 3877509 662
1112 3878171 662
1113 3878833 660
1114 3879493 682
1115 3880175 663
1116 3880838 700
1117 3881538 656
1118 3882194 687
1119 3882881 695
1120 3883576 662
1121 3884238 638
1122 3884876 664
1123 3885540 662
1124 3886202 681
1125 3886883 669
1126 3887552 701
1127 3888253 656
1128 3888909 660
1129 3889569 654
1130 3890223 711
1131 3890934 686
1132 3891620 653
1133 3892273 665
1134 3892938 665
1135 3893603 640
1136 3894243 657
1137 3894900 652
1138 3895552 656
1139 3896208 644
1140 3896852 659
1141 3897511 653
1142 3898164 657
1143 3898821 655
1144 3899476 672
1145 3900148 701
1146 3900849 626
1147 3901475 684
1148 3902159 656
1149 3902815 686
1150 3903501 662
1151 3904163 697
1152 3904860 683
1153 3905543 666
1154 3906209 661
1155 3906870 698
1156 3907568 656
1157 3908224 712
1158 3908936 636
1159 3909572 645
1160 3910217 684
1161 3910901 665
1162 3911566 664
1163 3912230 672
1164 3912902 701
1165 3913603 663
1166 3914266 681
1167 3914947 693
1168 3915640 660
1169 3916300 670
1170 3916970 657
1171 3917627 708
1172 3918335 712
1173 3919047 660
1174 3919707 686
1175 3920393 657
1176 3921050 646
1177 3921696 650
1178 3922346 654
1179 3923000 651
1180 3923651 683
1181 3924334 663
1182 3924997 640
1183 3925637 642
1184 3926279 642
1185 3926921 654
1186 3927575 653
1187 3928228 682
1188 3928910 672
1189 3929582 693
1190 3930275 655
1191 3930930 696
1192 3931626 685
1193 3932311 659
1194 3932970 684
1195 3933654 676
1196 3934330 688
1197 3935018 672
1198 3935690 671
1199 3936361 696
1200 3937057 652
1201 3937709 198
1202 3937907 181
1203 3938088 685
1204 3938773 668
1205 3939441 696
1206 3940137 704
1207 3940841 657
1208 3941498 662
1209 3942160 685
1210 3942845 649
1211 3943494 655
1212 3944149 650
1213 3944799 649
1214 3945448 691
1215 3946139 648
1216 3946787 662
1217 3947449 648
1218 3948097 631
1219 3948728 650
1220 3949378 654
1221 3950032 639
1222 3950671 652
1223 3951323 649
1224 3951972 667
1225 3952639 647
1226 3953286 656
1227 3953942 692
1228 3954634 697
1229 3955331 712
1230 3956043 686
1231 3956729 652
1232 3957381 662
1233 3958043 683
1234 3958726 646
1235 3959372 685
1236 3960057 642
1237 3960699 658
1238 3961357 670
1239 3962027 655
1240 3962682 668
1241 3963350 692
1242 3964042 652
1243 3964694 645
1244 3965339 685
1245 3966024 655
1246 3966679 670
1247 3967349 647
1248 3967996 692
1249 3968688 656
1250 3969344 673
1251 3970017 658
1252 3970675 668
1253 3971343 706
1254 3972049 701
1255 3972750 712
1256 3973462 654
1257 3974116 726
1258 3974842 683
1259 3975525 652
1260 3976177 657
1261 3976834 646
1262 3977480 677
1263 3978157 636
1264 3978793 642
1265 3979435 665
1266 3980100 645
1267 3980745 663
1268 3981408 650
1269 3982058 677
1270 3982735 641
1271 3983376 691
1272 3984067 675
1273 3984742 654
1274 3985396 684
1275 3986080 650
1276 3986730 656
1277 3987386 691
1278 3988077 678
1279 3988755 656
1280 3989411 657
1281 3990068 669
1282 3990737 653
1283 3991390 684
1284 3992074 688
1285 3992762 650
1286 3993412 642
1287 3994054 694
1288 3994748 661
1289 3995409 654
1290 3996063 679
1291 3996742 669
1292 3997411 647
1293 3998058 685
1294 3998743 724
1295 3999467 684
1296 4000151 656
1297 4000807 703
1298 4001510 702
1299 4002212 695
1300 4002907 711
1301 4003618 714
1302 4004332 688
1303 4005020 683
1304 4005703 684
1305 4006387 701
1306 4007088 686
1307 4007774 671
1308 4008445 694
1309 4009139 636
1310 4009775 647
1311 4010422 684
1312 4011106 657
1313 4011763 694
1314 4012457 657
1315 4013114 679
1316 4013793 658
1317 4014451 666
1318 4015117 645
1319 4015762 686
1320 4016448 671
1321 4017119 631
1322 4017750 695
1323 4018445 661
1324 4019106 660
1325 4019766 684
1326 4020450 666
1327 4021116 697
1328 4021813 648
1329 4022461 733
1330 4023194 732
1331 4023926 723
1332 4024649 684
1333 4025333 668
1334 4026001 635
1335 4026636 644
1336 4027280 648
1337 4027928 655
1338 4028583 629
1339 4029212 675
1340 4029887 623
1341 4030510 633
1342 4031143 657
1343 4031800 636
1344 4032436 672
1345 4033108 696
1346 4033804 647
1347 4034451 684
1348 4035135 208
1349 4035343 670
1350 4036013 688
1351 4036701 694
1352 4037395 677
1353 4038072 660
1354 4038732 684
1355 4039416 661
1356 4040077 671
1357 4040748 647
1358 4041395 675
1359 4042070 686
1360 4042756 695
1361 4043451 647
1362 4044098 682
1363 4044780 684
1364 4045464 649
1365 4046113 714
1366 4046827 680
1367 4047507 636
1368 4048143 661
1369 4048804 650
1370 4049454 648
1371 4050102 645
1372 4050747 623
1373 4051370 646
1374 4052016 640
1375 4052656 646
1376 4053302 649
1377 4053951 644
1378 4054595 655
1379 4055250 693
1380 4055943 657
1381 4056600 682
1382 4057282 637
1383 4057919 665
1384 4058584 651
1385 4059235 715
1386 4059950 693
1387 4060643 686
1388 4061329 692
1389 4062021 657
1390 4062678 659
1391 4063337 651
1392 4063988 674
1393 4064662 645
1394 4065307 659
1395 4065966 657
1396 4066623 685
1397 4067308 654
1398 4067962 677
1399 4068639 695
1400 4069334 692
1401 4070026 670
1402 4070696 662
1403 4071358 672
1404 4072030 657
1405 4072687 685
1406 4073372 659
1407 4074031 667
1408 4074698 652
1409 4075350 644
1410 4075994 639
1411 4076633 648
1412 4077281 632
1413 4077913 648
1414 4078561 665
1415 4079226 648
1416 4079874 644
1417 4080518 693
1418 4081211 676
1419 4081887 656
1420 4082543 692
1421 4083235 684
1422 4083919 658
1423 4084577 694
1424 4085271 661
1425 4085932 662
1426 4086594 689
1427 4087283 675
1428 4087958 656
1429 4088614 684
1430 4089298 681
1431 4089979 657
1432 4090636 720
1433 4091356 671
1434 4092027 683
1435 4092710 638
1436 4093348 643
1437 4093991 635
1438 4094626 695
1439 4095321 689
1440 4096010 664
1441 4096674 664
1442 4097338 674
1443 4098012 656
1444 4098668 685
1445 4099353 662
1446 4100015 645
1447 4100660 651
1448 4101311 646
1449 4101957 638
1450 4102595 652
1451 4103247 641
1452 4103888 661
1453 4104549 626
1454 4105175 639
1455 4105814 654
1456 4106468 650
1457 4107118 695
1458 4107813 676
1459 4108489 680
1460 4109169 649
1461 4109818 663
1462 4110481 685
1463 4111166 642
1464 4111808 656
1465 4112464 657
1466 4113121 635
1467 4113756 639
1468 4114395 695
1469 4115090 658
1470 4115748 689
1471 4116437 656
1472 4117093 671
1473 4117764 649
1474 4118413 629
1475 4119042 685
1476 4119727 656
1477 4120383 695
1478 4121078 685
1479 4121763 657
1480 4122420 688
1481 4123108 657
1482 4123765 665
1483 4124430 649
1484 4125079 685
1485 4125764 637
1486 4126401 645
1487 4127046 664
1488 4127710 667
1489 4128377 640
1490 4129017 638
1491 4129655 689
1492 4130344 666
1493 4131010 639
1494 4131649 637
1495 4132286 695
1496 4132981 629
1497 4133610 671
1498 4134281 708
1499 4134989 667
1500 4135656 635
1501 4136291 642
1502 4136933 637
1503 4137570 647
1504 4138217 625
1505 4138842 649
1506 4139491 632
1507 4140123 631
1508 4140754 658
1509 4141412 640
1510 4142052 684
1511 4142736 656
1512 4143392 694
1513 4144086 623
1514 4144709 666
1515 4145375 652
1516 4146027 8079
1517 4154106 11543
1518 4165649 2041
1519 4167690 3601
1520 4171291 5163
1521 4176454 5328
1522 4181782 5156
1523 4186938 6334
1524 4193272 1027
1525 4194299 7192
1526 4201491 2937
1527 4204428 9529
1528 4213957 4213
1529 4218170 6418
1530 4224588 2879
1531 4227467 1588
1532 4229055 2915
1533 4231970 3395
1534 4235365 1766
1535 4237131 5548
1536 4242679 9066
1537 4251745 181
1538 4251926 2287
1539 4254213 8414
1540 4262627 6792
1541 4269419 6454
1542 4275873 3683
1543 4279556 3376
1544 4282932 2882
1545 4285814 3408
1546 4289222 464
1547 4289686 2162
1548 4291848 3920
1549 4295768 3609
1550 4299377 2904
1551 4302281 3573
1552 4305854 2690
1553 4308544 6555
1554 4315099 9416
1555 4324515 8433
1556 4332948 10520
1557 4343468 9687
1558 4353155 10269
1559 4363424 7951
1560 4371375 5467
1561 4376842 6237
1562 4383079 7486
1563 4390565 3544
1564 4394109 3983
1565 4398092 2364
1566 4400456 1551
1567 4402007 1656
1568 4403663 3145
1569 4406808 3507
1570 4410315 7593
1571 4417908 6335
1572 4424243 5930
1573 4430173 3566
1574 4433739 4587
1575 4438326 3477
1576 4441803 11597
1577 4453400 5145
1578 4458545 6634
1579 4465179 4799
1580 4469978 1064
1581 4471042 4160
1582 4475202 3651
1583 4478853 3436
1584 4482289 4305
1585 4486594 4898
1586 4491492 4551
1587 4496043 7979
1588 4504022 2239
1589 4506261 5531
1590 4511792 4371
1591 4516163 6525
1592 4522688 4783
1593 4527471 2161
1594 4529632 2137
1595 4531769 1487
1596 4533256 3307
1597 4536563 4589
1598 4541152 4128
1599 4545280 6229
1600 4551509 8571
1601 4560080 1847
1602 4561927 5774
1603 4567701 7268
1604 4574969 1279
1605 4576248 3414
1606 4579662 4101
1607 4583763 1620
1608 4585383 7288
1609 4592671 2748
1610 4595419 10133
1611 4605552 4286
1612 4609838 5798
1613 4615636 808
1614 4616444 3750
1615 4620194 1969
1616 4622163 1955
1617 4624118 1561
1618 4625679 2560
1619 4628239 2007
1620 4630246 3752
1621 4633998 942
1622 4634940 1207
1623 4636147 1926
1624 4638073 1438
1625 4639511 3811
1626 4643322 5718
1627 4649040 2240
1628 4651280 2902
1629 4654182 1504
1630 4655686 5750
1631 4661436 2658
1632 4664094 1287
1633 4665381 1265
1634 4666646 1334
1635 4667980 7955
1636 4675935 1712
1637 4677647 2830
1638 4680477 1242
1639 4681719 1430
1640 4683149 5124
1641 4688273 3041
1642 4691314 1296
1643 4692610 2788
1644 4695398 1443
1645 4696841 929
1646 4697770 2775
1647 4700545 1494
1648 4702039 907
1649 4702946 3000
1650 4705946 1222
1651 4707168 8779
1652 4715947 2608
1653 4718555 1624
1654 4720179 2234
1655 4722413 1990
1656 4724403 6253
1657 4730656 2078
1658 4732734 1566
1659 4734300 3147
1660 4737447 4059
1661 4741506 2683
1662 4744189 2882
1663 4747071 1036
1664 4748107 1418
1665 4749525 5505
1666 4755030 1646
1667 4756676 3618
1668 4760294 2080
1669 4762374 5808
1670 4768182 6780
1671 4774962 1220
1672 4776182 1519
1673 4777701 356
1674 4778057 2198
1675 4780255 1741
1676 4781996 2945
1677 4784941 1219
1678 4786160 1959
1679 4788119 921
1680 4789040 1867
1681 4790907 2966
1682 4793873 6885
1683 4800758 2660
1684 4803418 1562
1685 4804980 1767
1686 4806747 1704
1687 4808451 959
1688 4809410 8958
1689 4818368 5609
1690 4823977 5667
1691 4829644 5484
1692 4835128 6741
1693 4841869 2072
1694 4843941 19455
1695 4863396 7679
1696 4871075 1818
1697 4872893 1236
1698 4874129 3034
1699 4877163 1856
1700 4879019 2691
1701 4881710 4173
1702 4885883 1411
1703 4887294 593
1704 4887887 6570
1705 4894457 2414
1706 4896871 1827
1707 4898698 3345
1708 4902043 1887
1709 4903930 13757
1710 4917687 540
1711 4918227 1638
1712 4919865 3029
1713 4922894 2366
1714 4925260 2830
1715 4928090 18372
1716 4946462 2002
1717 4948464 3122
1718 4951586 6325
1719 4957911 989
1720 4958900 6646
1721 4965546 943
1722 4966489 1153
1723 4967642 794
1724 4968436 6318
1725 4974754 2850
1726 4977604 5084
1727 4982688 9075
1728 4991763 7360
1729 4999123 1837
1730 5000960 5496
1731 5006456 3606
1732 5010062 1515
1733 5011577 647
1734 5012224 3290
1735 5015514 9176
1736 5024690 2885
1737 5027575 2223
1738 5029798 5720
1739 5035518 1306
1740 5036824 4418
1741 5041242 698
1742 5041940 2559
1743 5044499 1544
1744 5046043 1141
1745 5047184 2523
1746 5049707 4367
1747 5054074 2932
1748 5057006 5437
1749 5062443 5871
1750 5068314 4470
1751 5072784 2767
1752 5075551 2073
1753 5077624 1075
1754 5078699 813
1755 5079512 2644
1756 5082156 5788
1757 5087944 953
1758 5088897 1813
1759 5090710 1740
1760 5092450 7478
1761 5099928 1212
1762 5101140 2232
1763 5103372 2437
1764 5105809 1399
1765 5107208 588
1766 5107796 5009
1767 5112805 6127
1768 5118932 11629
1769 5130561 1223
1770 5131784 2348
1771 5134132 1035
1772 5135167 1270
1773 5136437 2188
1774 5138625 2826
1775 5141451 5192
1776 5146643 2446
1777 5149089 3028
1778 5152117 20085
1779 5172202 2854
1780 5175056 1618
1781 5176674 2252
1782 5178926 1769
1783 5180695 1466
1784 5182161 7356
1785 5189517 4608
1786 5194125 12596
1787 5206721 2418
1788 5209139 1828
1789 5210967 1451
1790 5212418 3114
1791 5215532 1384
1792 5216916 3886
1793 5220802 1109
1794 5221911 1136
1795 5223047 1342
1796 5224389 2391
1797 5226780 1965
1798 5228745 2366
1799 5231111 3471
1800 5234582 205
1801 5234787 976
1802 5235763 7325
1803 5243088 5215
1804 5248303 6575
1805 5254878 4439
1806 5259317 3704
1807 5263021 2755
1808 5265776 30928
1809 5296704 3967
1810 5300671 5292
1811 5305963 2850
1812 5308813 1970
1813 5310783 4748
1814 5315531 1231
1815 5316762 2567
1816 5319329 7403
1817 5326732 1296
1818 5328028 1074
1819 5329102 9076
1820 5338178 11265
1821 5349443 9250
1822 5358693 16005
1823 5374698 8752
1824 5383450 8444
1825 5391894 7379
1826 5399273 11290
1827 5410563 19503
1828 5430066 13553
1829 5443619 5481
1830 5449100 489
1831 5449589 829
1832 5450418 3193
1833 5453611 7339
1834 5460950 536
1835 5461486 1534
1836 5463020 3456
1837 5466476 2100
1838 5468576 9166
1839 5477742 8020
1840 5485762 8563
1841 5494325 4688
1842 5499013 2686
1843 5501699 4080
1844 5505779 5077
1845 5510856 7149
1846 5518005 3404
1847 5521409 2831
1848 5524240 676
1849 5524916 1049
1850 5525965 1637
1851 5527602 6675
1852 5534277 1345
1853 5535622 11448
1854 5547070 6345
1855 5553415 4436
1856 5557851 25803
1857 5583654 3747
1858 5587401 5140
1859 5592541 8403
1860 5600944 9770
1861 5610714 4630
1862 5615344 6370
1863 5621714 9596
1864 5631310 12844
1865 5644154 4689
1866 5648843 10957
1867 5659800 6271
1868 5666071 5108
1869 5671179 1754
1870 5672933 3813
1871 5676746 4764
1872 5681510 3707
1873 5685217 10715
1874 5695932 9913
1875 5705845 6847
1876 5712692 6108
1877 5718800 6586
1878 5725386 5804
1879 5731190 4097
1880 5735287 3906
1881 5739193 3502
1882 5742695 3841
1883 5746536 3331
1884 5749867 12275
1885 5762142 12842
1886 5774984 4228
1887 5779212 2860
1888 5782072 5571
1889 5787643 15917
1890 5803560 4292
1891 5807852 716
1892 5808568 1201
1893 5809769 4409
1894 5814178 4383
1895 5818561 2088
1896 5820649 13037
1897 5833686 6706
1898 5840392 8833
1899 5849225 7746
1900 5856971 10697
1901 5867668 213
1902 5867881 7004
1903 5874885 8947
1904 5883832 2341
1905 5886173 8163
1906 5894336 8295
1907 5902631 3896
1908 5906527 5756
1909 5912283 10267
1910 5922550 2546
1911 5925096 13743
1912 5938839 4686
1913 5943525 528
1914 5944053 1532
1915 5945585 3087
1916 5948672 5671
1917 5954343 2555
1918 5956898 8585
1919 5965483 7408
1920 5972891 2422
1921 5975313 1466
1922 5976779 1646
1923 5978425 2679
1924 5981104 2587
1925 5983691 2258
1926 5985949 3069
1927 5989018 2075
1928 5991093 2993
1929 5994086 6961
1930 6001047 6367
1931 6007414 6899
1932 6014313 6778
1933 6021091 3950
1934 6025041 8131
1935 6033172 7792
1936 6040964 3122
1937 6044086 1805
1938 6045891 2989
1939 6048880 1621
1940 6050501 3031
1941 6053532 3442
1942 6056974 1866
1943 6058840 1533
1944 6060373 4777
1945 6065150 1750
1946 6066900 1524
1947 6068424 2470
1948 6070894 3621
1949 6074515 2069
1950 6076584 1464
1951 6078048 2817
1952 6080865 7823
1953 6088688 3338
1954 6092026 3631
1955 6095657 8880
1956 6104537 3739
1957 6108276 2830
1958 6111106 2207
1959 6113313 3573
1960 6116886 3500
1961 6120386 2076
1962 6122462 1605
1963 6124067 1799
1964 6125866 6365
1965 6132231 3204
1966 6135435 2240
1967 6137675 1865
1968 6139540 3427
1969 6142967 5509
1970 6148476 2010
1971 6150486 4155
1972 6154641 2719
1973 6157360 3762
1974 6161122 1751
1975 6162873 1542
1976 6164415 1551
1977 6165966 1623
1978 6167589 3653
1979 6171242 2738
1980 6173980 3965
1981 6177945 2384
1982 6180329 2398
1983 6182727 2592
1984 6185319 2375
1985 6187694 2537
1986 6190231 23256
1987 6213487 3217
1988 6216704 3619
1989 6220323 6321
1990 6226644 3090
1991 6229734 3298
1992 6233032 3411
1993 6236443 5238
1994 6241681 1613
1995 6243294 2590
1996 6245884 3420
1997 6249304 2451
1998 6251755 1079
1999 6252834 2362
2000 6255196 5082
2001 6260278 4226
2002 6264504 3017
2003 6267521 3776
2004 6271297 2638
2005 6273935 5419
2006 6279354 2526
2007 6281880 3788
2008 6285668 1098
2009 6286766 5313
2010 6292079 1441
2011 6293520 1213
2012 6294733 2043
2013 6296776 7442
2014 6304218 3328
2015 6307546 2536
2016 6310082 474
2017 6310556 3165
2018 6313721 2113
2019 6315834 10196
2020 6326030 1129
2021 6327159 1345
2022 6328504 5184
2023 6333688 2535
2024 6336223 6657
2025 6342880 7828
2026 6350708 1420
2027 6352128 1774
2028 6353902 2248
2029 6356150 3416
2030 6359566 1960
2031 6361526 2104
2032 6363630 6051
2033 6369681 2078
2034 6371759 1459
2035 6373218 1109
2036 6374327 3180
2037 6377507 6317
2038 6383824 1986
2039 6385810 2394
2040 6388204 2611
2041 6390815 2615
2042 6393430 3605
2043 6397035 1415
2044 6398450 8498
2045 6406948 3912
2046 6410860 1482
2047 6412342 10448
2048 6422790 4102
2049 6426892 7205
2050 6434097 10038
2051 6444135 3362
2052 6447497 6498
2053 6453995 4375
2054 6458370 4664
2055 6463034 2996
2056 6466030 1323
2057 6467353 3076
2058 6470429 1959
2059 6472388 1672
2060 6474060 1718
2061 6475778 3356
2062 6479134 2067
2063 6481201 2132
2064 6483333 986
2065 6484319 1896
2066 6486215 3960
2067 6490175 2201
2068 6492376 5401
2069 6497777 1747
2070 6499524 1899
2071 6501423 2547
2072 6503970 2197
2073 6506167 2382
2074 6508549 2189
2075 6510738 1796
2076 6512534 2386
2077 6514920 6021
2078 6520941 4957
2079 6525898 1631
2080 6527529 13678
2081 6541207 5375
2082 6546582 979
2083 6547561 14508
2084 6562069 1857
2085 6563926 1608
2086 6565534 1098
2087 6566632 1520
2088 6568152 1767
2089 6569919 6081
2090 6576000 2991
2091 6578991 3081
2092 6582072 2389
2093 6584461 1957
2094 6586418 2853
2095 6589271 5406
2096 6594677 15395
2097 6610072 7242
2098 6617314 3358
2099 6620672 3237
2100 6623909 2543
2101 6626452 2963
2102 6629415 1345
2103 6630760 2300
2104 6633060 5276
2105 6638336 1614
2106 6639950 1299
2107 6641249 1707
2108 6642956 1993
2109 6644949 2067
2110 6647016 2606
2111 6649622 2031
2112 6651653 1498
2113 6653151 1492
2114 6654643 1397
2115 6656040 2493
2116 6658533 1481
2117 6660014 3266
2118 6663280 1205
2119 6664485 1781
2120 6666266 4558
2121 6670824 1084
2122 6671908 4225
2123 6676133 1828
2124 6677961 2150
2125 6680111 214
2126 6680325 4960
2127 6685285 2634
2128 6687919 2604
2129 6690523 364
2130 6690887 1530
2131 6692417 1503
2132 6693920 2192
2133 6696112 1496
2134 6697608 1084
2135 6698692 2670
2136 6701362 1018
2137 6702380 332
2138 6702712 4580
2139 6707292 1287
2140 6708579 896
2141 6709475 3921
2142 6713396 1343
2143 6714739 3131
2144 6717870 2626
2145 6720496 539
2146 6721035 1292
2147 6722327 1241
2148 6723568 2501
2149 6726069 1200
2150 6727269 8152
2151 6735421 593
2152 6736014 1338
2153 6737352 7418
2154 6744770 3871
2155 6748641 3718
2156 6752359 3470
2157 6755829 7012
2158 6762841 4925
2159 6767766 1663
2160 6769429 1597
2161 6771026 2040
2162 6773066 1345
2163 6774411 509
2164 6774920 1358
2165 6776278 2300
2166 6778578 4495
2167 6783073 1541
2168 6784614 11561
2169 6796175 2056
2170 6798231 819
2171 6799050 921
2172 6799971 1062
2173 6801033 1827
2174 6802860 718
2175 6803578 11574
2176 6815152 1785
2177 6816937 2967
2178 6819904 3748
2179 6823652 952
2180 6824604 2212
2181 6826816 1231
2182 6828047 4765
2183 6832812 313
2184 6833125 7058
2185 6840183 1045
2186 6841228 1784
2187 6843012 2569
2188 6845581 1487
2189 6847068 1248
2190 6848316 6682
2191 6854998 3542
2192 6858540 1009
2193 6859549 3537
2194 6863086 1655
2195 6864741 2998
2196 6867739 1322
2197 6869061 511
2198 6869572 778
2199 6870350 4839
2200 6875189 1236
2201 6876425 6449
2202 6882874 2694
2203 6885568 446
2204 6886014 4245
2205 6890259 523
2206 6890782 1489
2207 6892271 2128
2208 6894399 2798
2209 6897197 3178
2210 6900375 1378
2211 6901753 1536
2212 6903289 1138
2213 6904427 1453
2214 6905880 2352
2215 6908232 593
2216 6908825 6715
2217 6915540 8221
2218 6923761 3717
2219 6927478 5022
2220 6932500 3502
2221 6936002 1890
2222 6937892 993
2223 6938885 1412
2224 6940297 1171
2225 6941468 2100
2226 6943568 1300
2227 6944868 1739
2228 6946607 1809
2229 6948416 2183
2230 6950599 1805
2231 6952404 7668
2232 6960072 18356
2233 6978428 3880
2234 6982308 4412
2235 6986720 3347
2236 6990067 3550
2237 6993617 10514
2238 7004131 4066
2239 7008197 1220
2240 7009417 895
2241 7010312 1507
2242 7011819 968
2243 7012787 1976
2244 7014763 4465
2245 7019228 1633
2246 7020861 6245
2247 7027106 7701
2248 7034807 1996
2249 7036803 4006
2250 7040809 2676
2251 7043485 4774
2252 7048259 8851
2253 7057110 4980
2254 7062090 7978
2255 7070068 4788
2256 7074856 10042
2257 7084898 2215
2258 7087113 1620
2259 7088733 2104
2260 7090837 1879
2261 7092716 2440
2262 7095156 2898
2263 7098054 2586
2264 7100640 13305
2265 7113945 2493
2266 7116438 2264
2267 7118702 2518
2268 7121220 3090
2269 7124310 1591
2270 7125901 10164
2271 7136065 9656
2272 7145721 4724
2273 7150445 7004
2274 7157449 3664
2275 7161113 3431
2276 7164544 2851
2277 7167395 5882
2278 7173277 3088
2279 7176365 5863
2280 7182228 4777
2281 7187005 13739
2282 7200744 3835
2283 7204579 2974
2284 7207553 1628
2285 7209181 8113
2286 7217294 5696
2287 7222990 12507
2288 7235497 3820
2289 7239317 2209
2290 7241526 5472
2291 7246998 5854
2292 7252852 7932
2293 7260784 10147
2294 7270931 3607
2295 7274538 3393
2296 7277931 2189
2297 7280120 389
2298 7280509 3788
2299 7284297 2035
2300 7286332 1488
2301 7287820 7383
2302 7295203 1025
2303 7296228 949
2304 7297177 1682
2305 7298859 3283
2306 7302142 1830
2307 7303972 4066
2308 7308038 2175
2309 7310213 4032
2310 7314245 1402
2311 7315647 4925
2312 7320572 2607
2313 7323179 1758
2314 7324937 1981
2315 7326918 1490
2316 7328408 2682
2317 7331090 2750
2318 7333840 1922
2319 7335762 2441
2320 7338203 7167
2321 7345370 1559
2322 7346929 1150
2323 7348079 1150
2324 7349229 1142
2325 7350371 1150
2326 7351521 1150
2327 7352671 1150
2328 7353821 1150
2329 7354971 1150
2330 7356121 1150
2331 7357271 793
2332 7358064 1125
2333 7359189 8085
2334 7367274 5551
2335 7372825 1325
2336 7374150 2009
2337 7376159 4760
2338 7380919 6790
2339 7387709 8191
2340 7395900 3921
2341 7399821 5495
2342 7405316 1249
2343 7406565 8861
2344 7415426 6021
2345 7421447 2065
2346 7423512 4460
2347 7427972 1947
2348 7429919 9309
2349 7439228 2405
2350 7441633 1273
2351 7442906 2926
2352 7445832 2160
2353 7447992 3017
2354 7451009 943
2355 7451952 3773
2356 7455725 2599
2357 7458324 1517
2358 7459841 3412
2359 7463253 1659
2360 7464912 6377
2361 7471289 2471
2362 7473760 2158
2363 7475918 5077
2364 7480995 8573
2365 7489568 5195
2366 7494763 1093
2367 7495856 1305
2368 7497161 1468
2369 7498629 2471
2370 7501100 2367
2371 7503467 1825
2372 7505292 3508
2373 7508800 2425
2374 7511225 3932
2375 7515157 3760
2376 7518917 442
2377 7519359 13392
2378 7532751 9609
2379 7542360 2467
2380 7544827 2089
2381 7546916 2437
2382 7549353 2661
2383 7552014 6388
2384 7558402 8003
2385 7566405 5235
2386 7571640 5953
2387 7577593 4565
2388 7582158 2501
2389 7584659 2489
2390 7587148 7420
2391 7594568 8517
2392 7603085 5411
2393 7608496 649
2394 7609145 2800
2395 7611945 3251
2396 7615196 1140
2397 7616336 1783
2398 7618119 1926
2399 7620045 642
2400 7620687 483
2401 7621170 606
2402 7621776 2578
2403 7624354 2520
2404 7626874 1923
2405 7628797 5775
2406 7634572 2038
2407 7636610 3826
2408 7640436 8139
2409 7648575 4193
2410 7652768 2389
2411 7655157 1579
2412 7656736 3014
2413 7659750 1781
2414 7661531 8312
2415 7669843 1701
2416 7671544 4325
2417 7675869 5469
2418 7681338 3025
2419 7684363 2757
2420 7687120 3750
2421 7690870 2132
2422 7693002 4016
2423 7697018 13147
2424 7710165 2523
2425 7712688 1927
2426 7714615 3631
2427 7718246 3874
2428 7722120 3884
2429 7726004 1905
2430 7727909 5447
2431 7733356 6885
2432 7740241 2517
2433 7742758 4591
2434 7747349 6985
2435 7754334 1512
2436 7755846 2493
2437 7758339 2682
2438 7761021 823
2439 7761844 5370
2440 7767214 278
2441 7767492 847
2442 7768339 3586
2443 7771925 5935
2444 7777860 1247
2445 7779107 1394
2446 7780501 3696
2447 7784197 4592
2448 7788789 2396
2449 7791185 2212
2450 7793397 3786
2451 7797183 4070
2452 7801253 938
2453 7802191 2947
2454 7805138 1149
2455 7806287 1793
2456 7808080 2012
2457 7810092 3136
2458 7813228 7153
2459 7820381 8622
2460 7829003 3976
2461 7832979 4007
2462 7836986 4637
2463 7841623 3913
2464 7845536 4640
2465 7850176 1167
2466 7851343 4226
2467 7855569 2718
2468 7858287 1726
2469 7860013 1088
2470 7861101 4050
2471 7865151 3886
2472 7869037 2900
2473 7871937 1300
2474 7873237 3176
2475 7876413 7701
2476 7884114 19084
2477 7903198 2207
2478 7905405 3795
2479 7909200 1657
2480 7910857 4263
2481 7915120 5131
2482 7920251 8864
2483 7929115 3154
2484 7932269 13387
2485 7945656 3755
2486 7949411 195
2487 7949606 6385
2488 7955991 8721
2489 7964712 5778
2490 7970490 2177
2491 7972667 4985
2492 7977652 1224
2493 7978876 3874
2494 7982750 6375
2495 7989125 1675
2496 7990800 3450
2497 7994250 2816
2498 7997066 6303
2499 8003369 5406
2500 8008775 1817
2501 8010592 6765
2502 8017357 3684
2503 8021041 10445
2504 8031486 6991
2505 8038477 4573
2506 8043050 3535
2507 8046585 6463
2508 8053048 9649
2509 8062697 1603
2510 8064300 2788
2511 8067088 2411
2512 8069499 4570
2513 8074069 8724
2514 8082793 1596
2515 8084389 4826
2516 8089215 1974
2517 8091189 3139
2518 8094328 2456
2519 8096784 7792
2520 8104576 2669
2521 8107245 2020
2522 8109265 6223
2523 8115488 4251
2524 8119739 4371
2525 8124110 3840
2526 8127950 6893
2527 8134843 3610
2528 8138453 3290
2529 8141743 4630
2530 8146373 5272
2531 8151645 4449
2532 8156094 3425
2533 8159519 4127
2534 8163646 1145
2535 8164791 7953
2536 8172744 4577
2537 8177321 4395
2538 8181716 4380
2539 8186096 4092
2540 8190188 5570
2541 8195758 7804
2542 8203562 2352
2543 8205914 2133
2544 8208047 2956
2545 8211003 2950
2546 8213953 4620
2547 8218573 5435
2548 8224008 3174
2549 8227182 4094
2550 8231276 5466
2551 8236742 4688
2552 8241430 5124
2553 8246554 2496
2554 8249050 2734
2555 8251784 2974
2556 8254758 8268
2557 8263026 1234
2558 8264260 776
2559 8265036 209
2560 8265245 4154
2561 8269399 3350
2562 8272749 1550
2563 8274299 9955
2564 8284254 3074
2565 8287328 8761
2566 8296089 3969
2567 8300058 5251
2568 8305309 4938
2569 8310247 8590
2570 8318837 4803
2571 8323640 3926
2572 8327566 527
2573 8328093 4692
2574 8332785 4400
2575 8337185 3820
2576 8341005 5831
2577 8346836 7223
2578 8354059 6475
2579 8360534 2579
2580 8363113 3366
2581 8366479 973
2582 8367452 22917
2583 8390369 18587
2584 8408956 2589
2585 8411545 8483
2586 8420028 1652
2587 8421680 2400
2588 8424080 7142
2589 8431222 3345
2590 8434567 11020
2591 8445587 2881
2592 8448468 3517
2593 8451985 3228
2594 8455213 4842
2595 8460055 7271
2596 8467326 6909
2597 8474235 6198
2598 8480433 1080
2599 8481513 2791
2600 8484304 3452
2601 8487756 1052
2602 8488808 2443
2603 8491251 1559
2604 8492810 6350
2605 8499160 13631
2606 8512791 2103
2607 8514894 12959
2608 8527853 6476
2609 8534329 2884
2610 8537213 5038
2611 8542251 1969
2612 8544220 9051
2613 8553271 6570
2614 8559841 2486
2615 8562327 6452
2616 8568779 1619
2617 8570398 216
2618 8570614 2816
2619 8573430 943
2620 8574373 1120
2621 8575493 15573
2622 8591066 6428
2623 8597494 13959
2624 8611453 732
2625 8612185 2765
2626 8614950 2047
2627 8616997 2604
2628 8619601 2780
2629 8622381 1773
2630 8624154 20059
2631 8644213 9034
2632 8653247 3567
2633 8656814 3549
2634 8660363 3390
2635 8663753 2098
2636 8665851 3357
2637 8669208 425
2638 8669633 2542
2639 8672175 2904
2640 8675079 13925
2641 8689004 1802
2642 8690806 4103
2643 8694909 2755
2644 8697664 2964
2645 8700628 924
2646 8701552 683
2647 8702235 20145
2648 8722380 3841
2649 8726221 225
2650 8726446 28631
2651 8755077 4209
2652 8759286 7396
2653 8766682 9326
2654 8776008 30307
2655 8806315 19678
2656 8825993 945
2657 8826938 611
2658 8827549 2319
2659 8829868 1609
2660 8831477 4960
2661 8836437 3310
2662 8839747 4043
2663 8843790 2495
2664 8846285 4586
2665 8850871 1139
2666 8852010 1998
2667 8854008 664
2668 8854672 416
2669 8855088 9914
2670 8865002 2295
2671 8867297 848
2672 8868145 30447
2673 8898592 3537
2674 8902129 926
2675 8903055 2580
2676 8905635 3118
2677 8908753 325
2678 8909078 7209
2679 8916287 19026
2680 8935313 5697
2681 8941010 1297
2682 8942307 2174
2683 8944481 2342
2684 8946823 2603
2685 8949426 2545
2686 8951971 1239
2687 8953210 8994
2688 8962204 3642
2689 8965846 2140
2690 8967986 2353
2691 8970339 22090
2692 8992429 847
2693 8993276 390
2694 8993666 1146
2695 8994812 3839
2696 8998651 1130
2697 8999781 3533
2698 9003314 3245
2699 9006559 1572
2700 9008131 1341
2701 9009472 2011
2702 9011483 2152
2703 9013635 1278
2704 9014913 1308
2705 9016221 3890
2706 9020111 547
2707 9020658 6465
2708 9027123 2569
2709 9029692 3667
2710 9033359 815
2711 9034174 1266
2712 9035440 2412
2713 9037852 684
2714 9038536 783
2715 9039319 5012
2716 9044331 228
2717 9044559 228
2718 9044787 270
2719 9045057 252
2720 9045309 198
2721 9045507 280
2722 9045787 278
2723 9046065 278
2724 9046343 276
2725 9046619 282
2726 9046901 264
2727 9047165 228
2728 9047393 194
2729 9047587 204
2730 9047791 248
2731 9048039 242
2732 9048281 286
2733 9048567 236
2734 9048803 198
2735 9049001 210
2736 9049211 240
2737 9049451 228
2738 9049679 266
2739 9049945 268
2740 9050213 276
2741 9050489 268
2742 9050757 198
2743 9050955 254
2744 9051209 282
2745 9051491 242
2746 9051733 278
2747 9052011 226
2748 9052237 266
2749 9052503 276
2750 9052779 270
2751 9053049 284
2752 9053333 236
2753 9053569 290
2754 9053859 272
2755 9054131 278
2756 9054409 282
2757 9054691 270
2758 9054961 266
2759 9055227 256
2760 9055483 240
2761 9055723 210
2762 9055933 278
2763 9056211 264
2764 9056475 216
2765 9056691 186
2766 9056877 763
2767 9057640 3231
2768 9060871 768
2769 9061639 6218
2770 9067857 6360
2771 9074217 5738
2772 9079955 10749
2773 9090704 3794
2774 9094498 1585
2775 9096083 2150
2776 9098233 9585
2777 9107818 4313
2778 9112131 6386
2779 9118517 3049
2780 9121566 6099
2781 9127665 6080
2782 9133745 1694
2783 9135439 6473
2784 9141912 3276
2785 9145188 6711
2786 9151899 9035
2787 9160934 1426
2788 9162360 2911
2789 9165271 1776
2790 9167047 3352
2791 9170399 6018
2792 9176417 6798
2793 9183215 6304
2794 9189519 6426
2795 9195945 9701
2796 9205646 9742
2797 9215388 1182
2798 9216570 715
2799 9217285 1148
2800 9218433 3798
2801 9222231 670
2802 9222901 5528
2803 9228429 1393
2804 9229822 2782
2805 9232604 2319
2806 9234923 5529
2807 9240452 12219
2808 9252671 2598
2809 9255269 26087
2810 9281356 3712
2811 9285068 4037
2812 9289105 12432
2813 9301537 4403
2814 9305940 3893
2815 9309833 14653
2816 9324486 12275
2817 9336761 3677
2818 9340438 1638
2819 9342076 9104
2820 9351180 1805
2821 9352985 714
2822 9353699 3233
2823 9356932 2858
2824 9359790 5821
2825 9365611 9620
2826 9375231 4045
2827 9379276 1136
2828 9380412 1787
2829 9382199 5502
2830 9387701 4599
2831 9392300 4545
2832 9396845 4396
2833 9401241 1860
2834 9403101 4372
2835 9407473 3677
2836 9411150 6166
2837 9417316 4193
2838 9421509 1107
2839 9422616 736
2840 9423352 8846
2841 9432198 3956
2842 9436154 7009
2843 9443163 1514
2844 9444677 2480
2845 9447157 1089
2846 9448246 1027
2847 9449273 1018
2848 9450291 5329
2849 9455620 11001
2850 9466621 749
2851 9467370 668
2852 9468038 4020
2853 9472058 10092
2854 9482150 1311
2855 9483461 3112
2856 9486573 854
2857 9487427 685
2858 9488112 629
2859 9488741 990
2860 9489731 728
2861 9490459 1755
2862 9492214 12301
2863 9504515 4329
2864 9508844 11194
2865 9520038 3613
2866 9523651 1596
2867 9525247 3084
2868 9528331 1185
2869 9529516 590
2870 9530106 1576
2871 9531682 1647
2872 9533329 1573
2873 9534902 8827
2874 9543729 7790
2875 9551519 4442
2876 9555961 2933
2877 9558894 616
2878 9559510 7698
2879 9567208 4056
2880 9571264 12563
2881 9583827 4937
2882 9588764 2536
2883 9591300 3912
2884 9595212 16216
2885 9611428 6322
2886 9617750 2633
2887 9620383 312
2888 9620695 2362
2889 9623057 3869
2890 9626926 2831
2891 9629757 13574
2892 9643331 7945
2893 9651276 1922
2894 9653198 2793
2895 9655991 1944
2896 9657935 1862
2897 9659797 3484
2898 9663281 2229
2899 9665510 3071
2900 9668581 2004
2901 9670585 1842
2902 9672427 2204
2903 9674631 2950
2904 9677581 2870
2905 9680451 1943
2906 9682394 2228
2907 9684622 2203
2908 9686825 1841
2909 9688666 2003
2910 9690669 2617
2911 9693286 3334
2912 9696620 2181
2913 9698801 1924
2914 9700725 1787
2915 9702512 2099
2916 9704611 4515
2917 9709126 3911
2918 9713037 3813
2919 9716850 3020
2920 9719870 2465
2921 9722335 2580
2922 9724915 2345
2923 9727260 2386
2924 9729646 4515
2925 9734161 327
2926 9734488 5878
2927 9740366 3911
2928 9744277 3813
2929 9748090 9967
2930 9758057 2821
2931 9760878 973
2932 9761851 4437
2933 9766288 7185
2934 9773473 312
2935 9773785 3212
2936 9776997 2685
2937 9779682 2392
2938 9782074 2611
2939 9784685 3582
2940 9788267 4367
2941 9792634 2624
2942 9795258 5005
2943 9800263 2763
2944 9803026 8241
2945 9811267 2766
2946 9814033 6301
2947 9820334 2460
2948 9822794 1233
2949 9824027 17854
2950 9841881 9887
2951 9851768 2974
2952 9854742 3257
2953 9857999 5901
2954 9863900 3496
2955 9867396 1955
2956 9869351 3093
2957 9872444 4508
2958 9876952 4389
2959 9881341 3733
2960 9885074 3005
2961 9888079 24589
2962 9912668 11346
2963 9924014 16338
2964 9940352 30741
2965 9971093 3799
2966 9974892 3688
2967 9978580 2007
2968 9980587 3223
2969 9983810 2868
2970 9986678 7584
2971 9994262 417
2972 9994679 519
2973 9995198 11267
2974 10006465 4498
2975 10010963 3683
2976 10014646 9033
2977 10023679 3414
2978 10027093 2058
2979 10029151 2008
2980 10031159 7138
2981 10038297 6471
2982 10044768 3697
2983 10048465 2253
2984 10050718 14976
2985 10065694 6421
2986 10072115 1335
2987 10073450 1982
2988 10075432 2944
2989 10078376 2591
2990 10080967 2143
2991 10083110 1595
2992 10084705 747
2993 10085452 1397
2994 10086849 741
2995 10087590 393
2996 10087983 3994
2997 10091977 3931
2998 10095908 3069
2999 10098977 4171
3000 10103148 7614
3001 10110762 5444
3002 10116206 1362
3003 10117568 5333
3004 10122901 1179
3005 10124080 935
3006 10125015 1865
3007 10126880 2426
3008 10129306 5503
3009 10134809 2517
3010 10137326 8107
3011 10145433 2477
3012 10147910 922
3013 10148832 853
3014 10149685 1649
3015 10151334 2245
3016 10153579 7293
3017 10160872 1647
3018 10162519 4775
3019 10167294 2463
3020 10169757 3644
3021 10173401 2699
3022 10176100 6975
3023 10183075 2310
3024 10185385 3029
3025 10188414 4611
3026 10193025 2529
3027 10195554 2891
3028 10198445 1912
3029 10200357 1281
3030 10201638 4744
3031 10206382 1641
3032 10208023 1010
3033 10209033 1609
3034 10210642 1807
3035 10212449 4616
3036 10217065 1680
3037 10218745 2692
3038 10221437 9356
3039 10230793 1884
3040 10232677 2641
3041 10235318 9097
3042 10244415 3558
3043 10247973 6165
3044 10254138 3376
3045 10257514 2963
3046 10260477 7889
3047 10268366 1741
3048 10270107 2208
3049 10272315 1654
3050 10273969 970
3051 10274939 2395
3052 10277334 1686
3053 10279020 1788
3054 10280808 15086
3055 10295894 7394
3056 10303288 3150
3057 10306438 1682
3058 10308120 1418
3059 10309538 7695
3060 10317233 1999
3061 10319232 2121
3062 10321353 1791
3063 10323144 1693
3064 10324837 2084
3065 10326921 1164
3066 10328085 5135
3067 10333220 7828
3068 10341048 5322
3069 10346370 11011
3070 10357381 1836
3071 10359217 7271
3072 10366488 3692
3073 10370180 7930
3074 10378110 482
3075 10378592 5217
3076 10383809 2498
3077 10386307 3085
3078 10389392 3883
3079 10393275 753
3080 10394028 875
3081 10394903 5676
3082 10400579 1488
3083 10402067 2142
3084 10404209 2622
3085 10406831 3670
3086 10410501 3274
3087 10413775 2090
3088 10415865 4830
3089 10420695 10146
3090 10430841 591
3091 10431432 3168
3092 10434600 3457
3093 10438057 5318
3094 10443375 3767
3095 10447142 6252
3096 10453394 9860
3097 10463254 2079
3098 10465333 1635
3099 10466968 3127
3100 10470095 5584
3101 10475679 3672
3102 10479351 1986
3103 10481337 4398
3104 10485735 1368
3105 10487103 9457
3106 10496560 4580
3107 10501140 2585
3108 10503725 3579
3109 10507304 1807
3110 10509111 1487
3111 10510598 1509
3112 10512107 4720
3113 10516827 2895
3114 10519722 8563
3115 10528285 7779
3116 10536064 5310
3117 10541374 3045
3118 10544419 7128
3119 10551547 1198
3120 10552745 2805
3121 10555550 2592
3122 10558142 1952
3123 10560094 2321
3124 10562415 528
3125 10562943 5885
3126 10568828 521
3127 10569349 2077
3128 10571426 6629
3129 10578055 5884
3130 10583939 2522
3131 10586461 3076
3132 10589537 8943
3133 10598480 3618
3134 10602098 3895
3135 10605993 3042
3136 10609035 8958
3137 10617993 4042
3138 10622035 3395
3139 10625430 3640
3140 10629070 1469
3141 10630539 4484
3142 10635023 1024
3143 10636047 1778
3144 10637825 5598
3145 10643423 2097
3146 10645520 1798
3147 10647318 15856
3148 10663174 5935
3149 10669109 2256
3150 10671365 2620
3151 10673985 5405
3152 10679390 3924
3153 10683314 13773
3154 10697087 3828
3155 10700915 1851
3156 10702766 3641
3157 10706407 6596
3158 10713003 2963
3159 10715966 567
3160 10716533 4692
3161 10721225 4558
3162 10725783 2712
3163 10728495 4745
3164 10733240 2160
3165 10735400 742
3166 10736142 2698
3167 10738840 730
3168 10739570 5955
3169 10745525 3331
3170 10748856 8948
3171 10757804 4020
3172 10761824 2046
3173 10763870 3427
3174 10767297 7593
3175 10774890 2637
3176 10777527 2734
3177 10780261 9665
3178 10789926 19342
3179 10809268 3113
3180 10812381 2750
3181 10815131 5373
3182 10820504 2258
3183 10822762 4264
3184 10827026 6593
3185 10833619 967
3186 10834586 4886
3187 10839472 8285
3188 10847757 5352
3189 10853109 6683
3190 10859792 927
3191 10860719 3792
3192 10864511 2956
3193 10867467 3591
3194 10871058 2547
3195 10873605 3707
3196 10877312 4693
3197 10882005 9637
3198 10891642 9644
3199 10901286 11536
3200 10912822 2160
3201 10914982 4803
3202 10919785 3025
3203 10922810 1655
3204 10924465 5793
3205 10930258 2038
3206 10932296 1930
3207 10934226 8399
3208 10942625 8802
3209 10951427 2765
3210 10954192 4500
3211 10958692 3155
3212 10961847 1951
3213 10963798 10656
3214 10974454 6289
3215 10980743 4890
3216 10985633 5313
3217 10990946 1327
3218 10992273 1863
3219 10994136 3612
3220 10997748 203
3221 10997951 3711
3222 11001662 2540
3223 11004202 7695
3224 11011897 7012
3225 11018909 6495
3226 11025404 8809
3227 11034213 3160
3228 11037373 2820
3229 11040193 1853
3230 11042046 7070
3231 11049116 3421
3232 11052537 2660
3233 11055197 1172
3234 11056369 11646
3235 11068015 10850
3236 11078865 9911
3237 11088776 6946
3238 11095722 8946
3239 11104668 2302
3240 11106970 529
3241 11107499 2784
3242 11110283 632
3243 11110915 6382
3244 11117297 4309
3245 11121606 2331
3246 11123937 9202
3247 11133139 6530
3248 11139669 1571
3249 11141240 7423
3250 11148663 2742
3251 11151405 7693
3252 11159098 4484
3253 11163582 2949
3254 11166531 6319
3255 11172850 9263
3256 11182113 2983
3257 11185096 4395
3258 11189491 3907
3259 11193398 1725
3260 11195123 6527
3261 11201650 5484
3262 11207134 5243
3263 11212377 8039
3264 11220416 1847
3265 11222263 2829
3266 11225092 4999
3267 11230091 6544
3268 11236635 4721
3269 11241356 4239
3270 11245595 3607
3271 11249202 3054
3272 11252256 4105
3273 11256361 8649
3274 11265010 4040
3275 11269050 7536
3276 11276586 38572
3277 11315158 5444
3278 11320602 17876
3279 11338478 5295
3280 11343773 2773
3281 11346546 10545
3282 11357091 3787
3283 11360878 4732
3284 11365610 5412
3285 11371022 4830
3286 11375852 5250
3287 11381102 6730
3288 11387832 6489
3289 11394321 4683
3290 11399004 4154
3291 11403158 8957
3292 11412115 8409
3293 11420524 5487
3294 11426011 4276
3295 11430287 7448
3296 11437735 7909
3297 11445644 5652
3298 11451296 5362
3299 11456658 4469
3300 11461127 4964
3301 11466091 4322
3302 11470413 4374
3303 11474787 5350
3304 11480137 1261
3305 11481398 4013
3306 11485411 19876
3307 11505287 3713
3308 11509000 6337
3309 11515337 4682
3310 11520019 2818
3311 11522837 3485
3312 11526322 3918
3313 11530240 3472
3314 11533712 4281
3315 11537993 11920
3316 11549913 4248
3317 11554161 8223
3318 11562384 7867
3319 11570251 8007
3320 11578258 7314
3321 11585572 1633
3322 11587205 5256
3323 11592461 16453
3324 11608914 4612
3325 11613526 9453
3326 11622979 5313
3327 11628292 4201
3328 11632493 4790
3329 11637283 4035
3330 11641318 10513
3331 11651831 5559
3332 11657390 4117
3333 11661507 3167
3334 11664674 3750
3335 11668424 3925
3336 11672349 3317
3337 11675666 3422
3338 11679088 18435
3339 11697523 4812
3340 11702335 5368
3341 11707703 3403
3342 11711106 11479
3343 11722585 7881
3344 11730466 19543
3345 11750009 5459
3346 11755468 1234
3347 11756702 2131
3348 11758833 2875
3349 11761708 3670
3350 11765378 19358
3351 11784736 19781
3352 11804517 4356
3353 11808873 4302
3354 11813175 3526
3355 11816701 12569
3356 11829270 6789
3357 11836059 25791
3358 11861850 11232
3359 11873082 7099
3360 11880181 1555
3361 11881736 5952
3362 11887688 6356
3363 11894044 23595
3364 11917639 1571
3365 11919210 2814
3366 11922024 1303
3367 11923327 5525
3368 11928852 1248
3369 11930100 1964
3370 11932064 2672
3371 11934736 2428
3372 11937164 1224
3373 11938388 1147
3374 11939535 6828
3375 11946363 3177
3376 11949540 2604
3377 11952144 5252
3378 11957396 1925
3379 11959321 2580
3380 11961901 4785
3381 11966686 4738
3382 11971424 4497
3383 11975921 3098
3384 11979019 7705
3385 11986724 5823
3386 11992547 3539
3387 11996086 3354
3388 11999440 2376
3389 12001816 3505
3390 12005321 2185
3391 12007506 2050
3392 12009556 9199
3393 12018755 5420
3394 12024175 7536
3395 12031711 5452
3396 12037163 4870
3397 12042033 8278
3398 12050311 11963
3399 12062274 6343
3400 12068617 1444
3401 12070061 1869
3402 12071930 987
3403 12072917 5311
3404 12078228 2964
3405 12081192 682
3406 12081874 4202
3407 12086076 827
3408 12086903 3160
3409 12090063 745
3410 12090808 932
3411 12091740 4240
3412 12095980 3682
3413 12099662 1287
3414 12100949 1819
3415 12102768 1160
3416 12103928 1648
3417 12105576 890
3418 12106466 2510
3419 12108976 4396
3420 12113372 4694
3421 12118066 1122
3422 12119188 2254
3423 12121442 968
3424 12122410 1984
3425 12124394 905
3426 12125299 1205
3427 12126504 1495
3428 12127999 566
3429 12128565 3977
3430 12132542 1460
3431 12134002 4823
3432 12138825 2494
3433 12141319 2078
3434 12143397 2500
3435 12145897 2251
3436 12148148 3496
3437 12151644 1684
3438 12153328 1134
3439 12154462 2618
3440 12157080 2037
3441 12159117 1907
3442 12161024 4302
3443 12165326 14608
3444 12179934 2134
3445 12182068 6597
3446 12188665 13740
3447 12202405 9071
3448 12211476 3715
3449 12215191 4616
3450 12219807 3649
3451 12223456 5681
3452 12229137 1700
3453 12230837 9105
3454 12239942 3996
3455 12243938 1901
3456 12245839 9773
3457 12255612 6496
3458 12262108 2462
3459 12264570 4538
3460 12269108 7560
3461 12276668 2095
3462 12278763 3714
3463 12282477 4322
3464 12286799 1095
3465 12287894 2223
3466 12290117 8503
3467 12298620 4222
3468 12302842 3223
3469 12306065 12855
3470 12318920 4572
3471 12323492 2369
3472 12325861 2425
3473 12328286 657
3474 12328943 1374
3475 12330317 10080
3476 12340397 21759
3477 12362156 869
3478 12363025 3511
3479 12366536 3832
3480 12370368 1420
3481 12371788 1065
3482 12372853 5757
3483 12378610 1210
3484 12379820 908
3485 12380728 10818
3486 12391546 1353
3487 12392899 17723
3488 12410622 9471
3489 12420093 2841
3490 12422934 3968
3491 12426902 1353
3492 12428255 4596
3493 12432851 5953
3494 12438804 1057
3495 12439861 875
3496 12440736 2299
3497 12443035 8163
3498 12451198 3252
3499 12454450 1839
3500 12456289 527
3501 12456816 1545
3502 12458361 2273
3503 12460634 3805
3504 12464439 5931
3505 12470370 1327
3506 12471697 3165
3507 12474862 1237
3508 12476099 1311
3509 12477410 1101
3510 12478511 5533
3511 12484044 927
3512 12484971 4361
3513 12489332 340
3514 12489672 8872
3515 12498544 3587
3516 12502131 1603
3517 12503734 1335
3518 12505069 6392
3519 12511461 4069
3520 12515530 1247
3521 12516777 2940
3522 12519717 2653
3523 12522370 1776
3524 12524146 4107
3525 12528253 12813
3526 12541066 1471
3527 12542537 4026
3528 12546563 3576
3529 12550139 1361
3530 12551500 1084
3531 12552584 3955
3532 12556539 6869
3533 12563408 12935
3534 12576343 1580
3535 12577923 1514
3536 12579437 1449
3537 12580886 2427
3538 12583313 2154
3539 12585467 1743
3540 12587210 1760
3541 12588970 1151
3542 12590121 1632
3543 12591753 801
3544 12592554 7017
3545 12599571 8124
3546 12607695 1473
3547 12609168 1079
3548 12610247 4663
3549 12614910 2418
3550 12617328 1161
3551 12618489 6430
3552 12624919 1766
3553 12626685 7547
3554 12634232 2161
3555 12636393 6384
3556 12642777 3987
3557 12646764 1387
3558 12648151 8327
3559 12656478 6888
3560 12663366 9523
3561 12672889 3636
3562 12676525 2219
3563 12678744 3385
3564 12682129 4722
3565 12686851 1675
3566 12688526 206
3567 12688732 168
3568 12688900 196
3569 12689096 168
3570 12689264 613
3571 12689877 647
3572 12690524 620
3573 12691144 665
3574 12691809 647
3575 12692456 623
3576 12693079 181
3577 12693260 593
3578 12693853 616
3579 12694469 679
3580 12695148 222
3581 12695370 168
3582 12695538 650
3583 12696188 162
3584 12696350 660
3585 12697010 630
3586 12697640 625
3587 12698265 628
3588 12698893 628
3589 12699521 628
3590 12700149 625
3591 12700774 619
3592 12701393 630
3593 12702023 634
3594 12702657 183
3595 12702840 646
3596 12703486 629
3597 12704115 616
3598 12704731 171
3599 12704902 622
3600 12705524 211
3601 12705735 675
3602 12706410 212
3603 12706622 618
3604 12707240 361
3605 12707601 183
3606 12707784 663
3607 12708447 648
3608 12709095 564
3609 12709659 631
3610 12710290 674
3611 12710964 627
3612 12711591 659
3613 12712250 644
3614 12712894 632
3615 12713526 652
3616 12714178 645
3617 12714823 655
3618 12715478 649
3619 12716127 208
3620 12716335 628
3621 12716963 626
3622 12717589 613
3623 12718202 647
3624 12718849 620
3625 12719469 668
3626 12720137 625
3627 12720762 621
3628 12721383 212
3629 12721595 546
3630 12722141 616
3631 12722757 202
3632 12722959 646
3633 12723605 631
3634 12724236 616
3635 12724852 217
3636 12725069 617
3637 12725686 170
3638 12725856 664
3639 12726520 616
3640 12727136 170
3641 12727306 188
3642 12727494 181
3643 12727675 208
3644 12727883 622
3645 12728505 650
3646 12729155 620
3647 12729775 663
3648 12730438 659
3649 12731097 626
3650 12731723 213
3651 12731936 546
3652 12732482 616
3653 12733098 199
3654 12733297 285
3655 12733582 302
3656 12733884 182
3657 12734066 646
3658 12734712 629
3659 12735341 208
3660 12735549 279
3661 12735828 301
3662 12736129 657
3663 12736786 170
3664 12736956 259
3665 12737215 616
3666 12737831 190
3667 12738021 624
3668 12738645 233
3669 12738878 651
3670 12739529 673
3671 12740202 625
3672 12740827 631
3673 12741458 626
3674 12742084 630
3675 12742714 179
3676 12742893 546
3677 12743439 650
3678 12744089 210
3679 12744299 192
3680 12744491 649
3681 12745140 628
3682 12745768 650
3683 12746418 202
3684 12746620 646
3685 12747266 184
3686 12747450 624
3687 12748074 188
3688 12748262 621
3689 12748883 650
3690 12749533 637
3691 12750170 670
3692 12750840 650
3693 12751490 660
3694 12752150 637
3695 12752787 664
3696 12753451 652
3697 12754103 650
3698 12754753 652
3699 12755405 646
3700 12756051 626
3701 12756677 196
3702 12756873 623
3703 12757496 612
3704 12758108 616
3705 12758724 619
3706 12759343 627
3707 12759970 635
3708 12760605 627
3709 12761232 650
3710 12761882 183
3711 12762065 592
3712 12762657 648
3713 12763305 190
3714 12763495 633
3715 12764128 615
3716 12764743 629
3717 12765372 650
3718 12766022 627
3719 12766649 629
3720 12767278 626
3721 12767904 212
3722 12768116 626
3723 12768742 657
3724 12769399 168
3725 12769567 635
3726 12770202 650
3727 12770852 658
3728 12771510 658
3729 12772168 169
3730 12772337 616
3731 12772953 207
3732 12773160 181
3733 12773341 187
3734 12773528 181
3735 12773709 609
3736 12774318 620
3737 12774938 627
3738 12775565 635
3739 12776200 628
3740 12776828 631
3741 12777459 182
3742 12777641 592
3743 12778233 650
3744 12778883 169
3745 12779052 619
3746 12779671 184
3747 12779855 630
3748 12780485 616
3749 12781101 650
3750 12781751 212
3751 12781963 623
3752 12782586 180
3753 12782766 633
3754 12783399 650
3755 12784049 207
3756 12784256 181
3757 12784437 162
3758 12784599 181
3759 12784780 610
3760 12785390 620
3761 12786010 628
3762 12786638 637
3763 12787275 629
3764 12787904 626
3765 12788530 182
3766 12788712 594
3767 12789306 648
3768 12789954 205
3769 12790159 632
3770 12790791 614
3771 12791405 650
3772 12792055 274
3773 12792329 624
3774 12792953 169
3775 12793122 633
3776 12793755 209
3777 12793964 698
3778 12794662 162
3779 12794824 635
3780 12795459 649
3781 12796108 184
3782 12796292 202
3783 12796494 184
3784 12796678 196
3785 12796874 184
3786 12797058 178
3787 12797236 184
3788 12797420 181
3789 12797601 196
3790 12797797 190
3791 12797987 611
3792 12798598 181
3793 12798779 591
3794 12799370 211
3795 12799581 627
3796 12800208 627
3797 12800835 613
3798 12801448 621
3799 12802069 628
3800 12802697 635
3801 12803332 628
3802 12803960 624
3803 12804584 179
3804 12804763 631
3805 12805394 616
3806 12806010 649
3807 12806659 649
3808 12807308 211
3809 12807519 621
3810 12808140 621
3811 12808761 189
3812 12808950 183
3813 12809133 163
3814 12809296 637
3815 12809933 649
3816 12810582 190
3817 12810772 162
3818 12810934 181
3819 12811115 206
3820 12811321 611
3821 12811932 624
3822 12812556 628
3823 12813184 637
3824 12813821 628
3825 12814449 625
3826 12815074 175
3827 12815249 591
3828 12815840 649
3829 12816489 195
3830 12816684 631
3831 12817315 612
3832 12817927 649
3833 12818576 221
3834 12818797 620
3835 12819417 202
3836 12819619 629
3837 12820248 169
3838 12820417 637
3839 12821054 649
3840 12821703 167
3841 12821870 619
3842 12822489 188
3843 12822677 174
3844 12822851 156
3845 12823007 206
3846 12823213 611
3847 12823824 622
3848 12824446 628
3849 12825074 639
3850 12825713 629
3851 12826342 626
3852 12826968 649
3853 12827617 181
3854 12827798 591
3855 12828389 683
3856 12829072 221
3857 12829293 201
3858 12829494 630
3859 12830124 616
3860 12830740 192
3861 12830932 183
3862 12831115 649
3863 12831764 179
3864 12831943 672
3865 12832615 209
3866 12832824 664
3867 12833488 229
3868 12833717 621
3869 12834338 183
3870 12834521 203
3871 12834724 637
3872 12835361 648
3873 12836009 665
3874 12836674 640
3875 12837314 657
3876 12837971 652
3877 12838623 656
3878 12839279 644
3879 12839923 659
3880 12840582 653
3881 12841235 657
3882 12841892 655
3883 12842547 631
3884 12843178 208
3885 12843386 627
3886 12844013 624
3887 12844637 613
3888 12845250 622
3889 12845872 623
3890 12846495 638
3891 12847133 628
3892 12847761 657
3893 12848418 169
3894 12848587 591
3895 12849178 186
3896 12849364 617
3897 12849981 649
3898 12850630 184
3899 12850814 638
3900 12851452 189
3901 12851641 631
3902 12852272 615
3903 12852887 652
3904 12853539 649
3905 12854188 211
3906 12854399 618
3907 12855017 169
3908 12855186 637
3909 12855823 649
3910 12856472 230
3911 12856702 156
3912 12856858 220
3913 12857078 156
3914 12857234 609
3915 12857843 621
3916 12858464 628
3917 12859092 641
3918 12859733 630
3919 12860363 632
3920 12860995 181
3921 12861176 593
3922 12861769 649
3923 12862418 187
3924 12862605 195
3925 12862800 630
3926 12863430 614
3927 12864044 649
3928 12864693 248
3929 12864941 171
3930 12865112 174
3931 12865286 199
3932 12865485 617
3933 12866102 169
3934 12866271 636
3935 12866907 649
3936 12867556 216
3937 12867772 223
3938 12867995 607
3939 12868602 175
3940 12868777 592
3941 12869369 156
3942 12869525 183
3943 12869708 163
3944 12869871 193
3945 12870064 631
3946 12870695 630
3947 12871325 629
3948 12871954 206
3949 12872160 611
3950 12872771 623
3951 12873394 628
3952 12874022 638
3953 12874660 628
3954 12875288 657
3955 12875945 650
3956 12876595 183
3957 12876778 631
3958 12877409 614
3959 12878023 650
3960 12878673 240
3961 12878913 680
3962 12879593 604
3963 12880197 192
3964 12880389 629
3965 12881018 233
3966 12881251 667
3967 12881918 211
3968 12882129 623
3969 12882752 169
3970 12882921 638
3971 12883559 178
3972 12883737 650
3973 12884387 180
3974 12884567 654
3975 12885221 651
3976 12885872 683
3977 12886555 663
3978 12887218 640
3979 12887858 642
3980 12888500 642
3981 12889142 654
3982 12889796 653
3983 12890449 682
3984 12891131 618
3985 12891749 208
3986 12891957 624
3987 12892581 628
3988 12893209 610
3989 12893819 622
3990 12894441 628
3991 12895069 638
3992 12895707 626
3993 12896333 682
3994 12897015 182
3995 12897197 593
3996 12897790 650
3997 12898440 183
3998 12898623 632
3999 12899255 613
4000 12899868 650
4001 12900518 232
4002 12900750 231
4003 12900981 626
4004 12901607 188
4005 12901795 634
4006 12902429 650
4007 12903079 646
4008 12903725 205
4009 12903930 208
4010 12904138 220
4011 12904358 214
4012 12904572 208
4013 12904780 609
4014 12905389 623
4015 12906012 623
4016 12906635 635
4017 12907270 632
4018 12907902 644
4019 12908546 188
4020 12908734 592
4021 12909326 650
4022 12909976 640
4023 12910616 198
4024 12910814 630
4025 12911444 612
4026 12912056 650
4027 12912706 198
4028 12912904 181
4029 12913085 259
4030 12913344 634
4031 12913978 203
4032 12914181 651
4033 12914832 650
4034 12915482 194
4035 12915676 593
4036 12916269 221
4037 12916490 652
4038 12917142 650
4039 12917792 177
4040 12917969 635
4041 12918604 612
4042 12919216 650
4043 12919866 191
4044 12920057 630
4045 12920687 228
4046 12920915 615
4047 12921530 182
4048 12921712 617
4049 12922329 650
4050 12922979 186
4051 12923165 192
4052 12923357 180
4053 12923537 225
4054 12923762 628
4055 12924390 687
4056 12925077 632
4057 12925709 648
4058 12926357 662
4059 12927019 648
4060 12927667 631
4061 12928298 650
4062 12928948 654
4063 12929602 639
4064 12930241 652
4065 12930893 649
4066 12931542 789
4067 12932331 1103
4068 12933434 2946
4069 12936380 4418
4070 12940798 9686
4071 12950484 2198
4072 12952682 3173
4073 12955855 2108
4074 12957963 2289
4075 12960252 27050
4076 12987302 1902
4077 12989204 1782
4078 12990986 5382
4079 12996368 5472
4080 13001840 2509
4081 13004349 3420
4082 13007769 4784
4083 13012553 3735
4084 13016288 3388
4085 13019676 15496
4086 13035172 4152
4087 13039324 3605
4088 13042929 10165
4089 13053094 1690
4090 13054784 1511
4091 13056295 5876
4092 13062171 10968
4093 13073139 5262
4094 13078401 3864
4095 13082265 2207
4096 13084472 1318
4097 13085790 676
4098 13086466 1542
4099 13088008 4661
4100 13092669 2747
4101 13095416 1963
4102 13097379 8803
4103 13106182 6283
4104 13112465 5203
4105 13117668 1984
4106 13119652 6486
4107 13126138 2980
4108 13129118 2950
4109 13132068 7522
4110 13139590 1708
4111 13141298 2128
4112 13143426 2603
4113 13146029 1710
4114 13147739 1612
4115 13149351 10929
4116 13160280 7626
4117 13167906 3392
4118 13171298 3049
4119 13174347 1911
4120 13176258 5586
4121 13181844 8197
4122 13190041 3219
4123 13193260 589
4124 13193849 3668
4125 13197517 5135
4126 13202652 6921
4127 13209573 933
4128 13210506 2375
4129 13212881 4380
4130 13217261 3564
4131 13220825 2917
4132 13223742 5638
4133 13229380 5100
4134 13234480 7366
4135 13241846 1136
4136 13242982 3951
4137 13246933 1359
4138 13248292 7359
4139 13255651 3305
4140 13258956 4394
4141 13263350 4888
4142 13268238 2357
4143 13270595 6091
4144 13276686 2291
4145 13278977 1720
4146 13280697 15324
4147 13296021 9309
4148 13305330 5405
4149 13310735 1383
4150 13312118 5708
4151 13317826 1405
4152 13319231 6576
4153 13325807 4645
4154 13330452 4621
4155 13335073 9780
4156 13344853 1743
4157 13346596 3489
4158 13350085 15718
4159 13365803 9609
4160 13375412 3921
4161 13379333 7908
4162 13387241 13791
4163 13401032 3809
4164 13404841 14103
4165 13418944 5411
4166 13424355 5111
4167 13429466 9796
4168 13439262 1657
4169 13440919 746
4170 13441665 731
4171 13442396 2925
4172 13445321 1875
4173 13447196 2316
4174 13449512 3187
4175 13452699 2897
4176 13455596 2960
4177 13458556 3012
4178 13461568 2442
4179 13464010 2473
4180 13466483 2542
4181 13469025 858
4182 13469883 1600
4183 13471483 5834
4184 13477317 2582
4185 13479899 1292
4186 13481191 2049
4187 13483240 1584
4188 13484824 2902
4189 13487726 5807
4190 13493533 1199
4191 13494732 2826
4192 13497558 1848
4193 13499406 1241
4194 13500647 1125
4195 13501772 1782
4196 13503554 5996
4197 13509550 1806
4198 13511356 3444
4199 13514800 1599
4200 13516399 617
4201 13517016 2708
4202 13519724 903
4203 13520627 5765
4204 13526392 5215
4205 13531607 1617
4206 13533224 768
4207 13533992 797
4208 13534789 2489
4209 13537278 5804
4210 13543082 3743
4211 13546825 3719
4212 13550544 3677
4213 13554221 3772
4214 13557993 3826
4215 13561819 3854
4216 13565673 4058
4217 13569731 3875
4218 13573606 3800
4219 13577406 3824
4220 13581230 3842
4221 13585072 3761
4222 13588833 3800
4223 13592633 3818
4224 13596451 3814
4225 13600265 3861
4226 13604126 3700
4227 13607826 633
4228 13608459 5824
4229 13614283 689
4230 13614972 2809
4231 13617781 2872
4232 13620653 1097
4233 13621750 1280
4234 13623030 7585
4235 13630615 1489
4236 13632104 2301
4237 13634405 2101
4238 13636506 1462
4239 13637968 988
4240 13638956 1707
4241 13640663 2627
4242 13643290 1914
4243 13645204 17045
4244 13662249 1551
4245 13663800 4852
4246 13668652 2113
4247 13670765 2824
4248 13673589 6284
4249 13679873 538
4250 13680411 4038
4251 13684449 2046
4252 13686495 1217
4253 13687712 4663
4254 13692375 858
4255 13693233 2122
4256 13695355 1900
4257 13697255 4187
4258 13701442 4700
4259 13706142 9242
4260 13715384 4135
4261 13719519 2711
4262 13722230 849
4263 13723079 814
4264 13723893 913
4265 13724806 1057
4266 13725863 2816
4267 13728679 2705
4268 13731384 1249
4269 13732633 1105
4270 13733738 860
4271 13734598 980
4272 13735578 995
4273 13736573 2359
4274 13738932 1743
4275 13740675 1152
4276 13741827 902
4277 13742729 1133
4278 13743862 1357
4279 13745219 998
4280 13746217 1949
4281 13748166 2625
4282 13750791 1275
4283 13752066 2742
4284 13754808 2818
4285 13757626 2999
4286 13760625 1062
4287 13761687 3627
4288 13765314 2545
4289 13767859 4296
4290 13772155 3332
4291 13775487 5883
4292 13781370 3301
4293 13784671 922
4294 13785593 2329
4295 13787922 4629
4296 13792551 2314
4297 13794865 796
4298 13795661 5807
4299 13801468 1236
4300 13802704 6017
4301 13808721 876
4302 13809597 1620
4303 13811217 875
4304 13812092 3276
4305 13815368 6419
4306 13821787 828
4307 13822615 3422
4308 13826037 4039
4309 13830076 1249
4310 13831325 1083
4311 13832408 1804
4312 13834212 1537
4313 13835749 2499
4314 13838248 2498
4315 13840746 1750
4316 13842496 1381
4317 13843877 2912
4318 13846789 2439
4319 13849228 1570
4320 13850798 1863
4321 13852661 1083
4322 13853744 953
4323 13854697 3366
4324 13858063 1960
4325 13860023 1931
4326 13861954 2226
4327 13864180 1956
4328 13866136 3126
4329 13869262 1796
4330 13871058 3199
4331 13874257 3803
4332 13878060 519
4333 13878579 1107
4334 13879686 812
4335 13880498 2570
4336 13883068 1059
4337 13884127 2282
4338 13886409 1864
4339 13888273 1426
4340 13889699 726
4341 13890425 1679
4342 13892104 2540
4343 13894644 1568
4344 13896212 2288
4345 13898500 2391
4346 13900891 2251
4347 13903142 1069
4348 13904211 2522
4349 13906733 1428
4350 13908161 4188
4351 13912349 2111
4352 13914460 1792
4353 13916252 2251
4354 13918503 4215
4355 13922718 539
4356 13923257 832
4357 13924089 2566
4358 13926655 4241
4359 13930896 3560
4360 13934456 906
4361 13935362 4082
4362 13939444 3516
4363 13942960 1223
4364 13944183 2397
4365 13946580 2656
